W³asne
2
13
12
11
Test
4
15
12
14
7
5
Cos
2
45
43
39
Kartkoweczka
6
20
13
17
19
13
15
20
Sprawdzianek
3
60
50
40
60
Testowi_Uczniowie
6
20
17
5
18
15
20
1001
Zapychacz
2
45
43
39
CosTam
2
45
43
39
Marmolada
2
45
43
39
Nadzieja
2
45
43
39
Testoch
5
14
12
10
1001
45
7
arek
5
17
14
17
15
27
4
Kl1cSprIIWS
10
37
10
35
37
25
15
19
37
30
34
1001
Ocenona
4
15
12
14
7
15
BabciaZdzisia
2
45
43
39
Nieobecni
20
27
1001
1001
1001
1001
1001
1001
15
1001
1001
1001
1001
25
1001
1001
27
1001
1001
1001
1001
1001
